[gd_scene load_steps=4 format=2]

[ext_resource path="res://Map64/skybox.png" type="Texture" id=1]

[sub_resource type="PanoramaSky" id=1]
radiance_size = 1
panorama = ExtResource( 1 )

[sub_resource type="Environment" id=2]
background_mode = 2
background_sky = SubResource( 1 )
ambient_light_color = Color( 0.396078, 0.678431, 0.972549, 1 )
ambient_light_sky_contribution = 0.58
glow_enabled = true
glow_intensity = 1.3
glow_strength = 1.19

[node name="Spatial" type="Spatial"]

[node name="WorldEnvironment" type="WorldEnvironment" parent="."]
environment = SubResource( 2 )

[node name="DirectionalLight" type="DirectionalLight" parent="WorldEnvironment"]
transform = Transform( -0.197584, 0.344758, -0.917662, 0.0725677, 0.938692, 0.337034, 0.977596, 7.28366e-09, -0.210489, -52.0681, 61.1805, 6.438 )
light_color = Color( 1, 0.92549, 0, 1 )
light_energy = 0.6
light_specular = 0.0
directional_shadow_max_distance = 1127.2

[node name="DirectionalLight3" type="DirectionalLight" parent="WorldEnvironment"]
transform = Transform( 0.659911, -0.298569, 0.689474, 0.0725677, 0.938692, 0.337034, -0.747831, -0.172379, 0.64112, 47.0862, 61.1805, 6.438 )
light_color = Color( 1, 0.92549, 0, 1 )
light_energy = 0.3
light_specular = 0.0
directional_shadow_max_distance = 1127.2

[node name="DirectionalLight2" type="DirectionalLight" parent="WorldEnvironment"]
transform = Transform( 0.0011369, -0.997394, -0.0721326, -0.0157182, -0.0721416, 0.997271, -0.999876, 0, -0.0157592, 89.7158, 61.1805, 6.438 )
light_energy = 0.17
light_specular = 0.0
shadow_enabled = true
shadow_color = Color( 0.0509804, 0.054902, 0.105882, 1 )
directional_shadow_max_distance = 1127.2
